453 2040
1 2
1 3
1 5
1 6
1 7
1 8
1 9
1 10
1 11
1 13
1 14
1 17
1 18
1 20
1 21
1 22
1 23
1 25
1 27
1 31
1 37
1 49
1 50
1 51
1 53
1 54
1 55
1 56
1 57
1 59
1 60
1 62
1 63
1 64
1 65
1 67
1 68
1 70
1 71
1 72
1 82
1 83
1 85
1 86
1 88
1 89
1 91
1 92
1 93
1 94
1 97
1 98
1 101
1 102
1 103
1 107
1 108
1 114
1 116
1 117
1 118
1 119
1 120
1 121
1 122
1 124
1 125
1 126
1 127
1 129
1 130
1 132
1 133
1 135
1 136
1 138
1 139
1 141
1 142
1 144
1 145
1 146
1 147
1 148
1 149
1 150
1 151
1 152
1 160
1 163
1 168
1 169
1 171
1 174
1 175
1 176
1 180
1 181
1 182
1 183
1 185
1 187
1 188
1 189
1 196
1 199
1 200
1 204
1 205
1 207
1 208
1 209
1 210
1 211
1 212
1 213
1 220
1 221
1 222
1 224
1 229
1 232
1 234
1 235
1 236
1 237
1 241
1 242
1 243
1 244
1 245
1 247
1 251
1 252
1 253
1 265
1 266
1 267
1 268
1 269
1 270
1 271
1 273
1 274
1 281
1 284
1 288
1 291
1 292
1 294
1 295
1 296
1 299
1 300
1 301
1 302
1 307
1 308
1 310
1 311
1 313
1 320
1 321
1 322
1 323
1 327
1 328
1 335
1 336
1 340
1 344
1 346
1 348
1 349
1 350
1 351
1 352
1 354
1 359
1 363
1 366
1 367
1 370
1 371
1 372
1 376
1 379
1 380
1 383
1 384
1 385
1 388
1 389
1 390
1 391
1 392
1 393
1 394
1 395
1 396
1 397
1 398
1 399
1 400
1 401
1 402
1 403
1 404
1 405
1 406
1 407
1 408
1 409
1 410
1 411
1 412
1 413
1 414
1 415
1 416
1 417
1 418
1 419
1 420
1 421
1 422
1 423
1 424
1 425
1 426
1 427
1 428
1 429
1 430
1 431
1 432
1 433
2 3
2 4
2 5
2 6
2 7
2 8
3 5
3 6
3 7
3 8
3 11
3 62
3 67
3 160
3 314
4 5
4 6
4 7
4 8
4 304
5 6
5 11
5 12
5 14
5 15
5 24
5 25
5 36
5 39
5 40
5 62
5 65
5 67
5 68
5 81
5 82
5 84
5 85
5 87
5 88
5 90
5 91
5 94
5 95
5 96
5 97
5 102
5 118
5 123
5 124
5 127
5 128
5 130
5 131
5 132
5 134
5 135
5 137
5 138
5 140
5 141
5 143
5 179
5 180
5 181
5 186
5 187
5 199
5 215
5 216
5 219
5 221
5 224
5 231
5 232
5 234
5 235
5 247
5 278
5 294
5 348
5 349
5 362
5 363
5 367
5 370
5 388
5 396
5 408
5 426
5 440
6 11
6 12
6 14
6 15
6 24
6 25
6 36
6 39
6 40
6 62
6 65
6 67
6 68
6 81
6 82
6 84
6 85
6 87
6 88
6 90
6 91
6 94
6 95
6 96
6 97
6 102
6 118
6 123
6 124
6 127
6 128
6 130
6 131
6 132
6 134
6 135
6 137
6 138
6 140
6 141
6 143
6 179
6 180
6 181
6 186
6 187
6 199
6 215
6 216
6 219
6 221
6 224
6 231
6 232
6 234
6 235
6 247
6 278
6 294
6 348
6 349
6 362
6 363
6 367
6 370
6 388
6 396
6 408
6 426
6 440
7 8
7 11
7 36
7 39
7 56
7 62
7 65
7 67
7 68
7 90
7 91
7 94
7 95
7 113
7 114
7 175
7 184
7 186
7 198
7 204
7 205
7 207
7 210
7 211
7 212
7 213
7 221
7 232
7 235
7 247
7 248
7 249
7 251
7 254
7 265
7 268
7 277
7 278
7 285
7 294
7 296
7 299
7 305
7 306
7 307
7 308
7 309
7 314
7 349
7 370
7 377
7 378
7 381
7 382
7 408
8 11
8 36
8 39
8 56
8 62
8 65
8 67
8 68
8 90
8 91
8 94
8 95
8 113
8 114
8 175
8 184
8 186
8 198
8 204
8 205
8 207
8 210
8 211
8 212
8 213
8 221
8 232
8 235
8 247
8 248
8 249
8 251
8 254
8 265
8 268
8 277
8 278
8 285
8 294
8 296
8 299
8 305
8 306
8 307
8 308
8 309
8 314
8 349
8 370
8 377
8 378
8 381
8 382
8 408
9 10
9 11
9 12
9 13
9 14
10 11
11 15
11 17
11 18
11 24
11 25
11 31
11 33
11 35
11 37
11 38
11 49
11 51
11 52
11 53
11 54
11 55
11 56
11 57
11 58
11 59
11 60
11 65
11 67
11 68
11 69
11 70
11 71
11 72
11 102
11 103
11 105
11 106
11 110
11 112
11 117
11 140
11 142
11 156
11 160
11 165
11 166
11 167
11 168
11 169
11 172
11 173
11 174
11 175
11 177
11 178
11 182
11 183
11 187
11 189
11 193
11 194
11 195
11 196
11 197
11 198
11 209
11 222
11 229
11 234
11 236
11 237
11 244
11 245
11 252
11 253
11 263
11 264
11 275
11 277
11 278
11 282
11 283
11 285
11 292
11 293
11 294
11 295
11 301
11 313
11 314
11 321
11 322
11 337
11 338
11 340
11 347
11 349
11 350
11 370
11 383
11 406
11 407
11 421
11 422
11 426
11 430
12 13
12 14
12 15
12 17
12 18
12 39
12 40
13 14
13 17
13 18
13 33
13 37
13 61
13 241
13 243
13 318
13 335
13 354
13 373
13 424
13 428
13 441
13 442
13 443
13 444
14 15
14 16
14 19
14 33
14 37
14 373
14 396
14 443
14 444
15 16
15 19
15 23
15 24
15 25
15 26
15 27
15 28
15 29
15 30
15 31
15 32
15 33
15 34
15 35
15 36
15 37
15 38
16 17
16 18
16 19
16 20
17 18
17 20
17 24
17 26
17 27
17 28
17 33
17 39
17 49
17 53
17 57
17 65
17 67
17 68
17 69
17 70
17 71
17 72
17 102
17 104
17 105
17 106
17 110
17 113
17 117
17 140
17 153
17 154
17 156
17 165
17 166
17 167
17 168
17 169
17 172
17 173
17 174
17 175
17 177
17 178
17 184
17 187
17 188
17 189
17 193
17 196
17 197
17 221
17 234
17 236
17 238
17 240
17 246
17 247
17 254
17 263
17 277
17 285
17 287
17 288
17 293
17 295
17 296
17 301
17 310
17 311
17 312
17 313
17 314
17 315
17 316
17 317
17 318
17 319
17 320
17 321
17 322
17 323
17 324
17 325
17 326
17 327
17 328
17 329
17 330
17 331
17 332
17 333
17 334
17 335
17 336
17 337
17 338
17 339
17 340
17 341
17 342
17 343
17 344
18 20
18 24
18 26
18 27
18 28
18 33
18 37
18 39
18 49
18 53
18 57
18 65
18 67
18 68
18 69
18 70
18 71
18 72
18 102
18 103
18 104
18 105
18 106
18 110
18 113
18 117
18 121
18 140
18 153
18 154
18 156
18 165
18 166
18 167
18 168
18 169
18 172
18 173
18 174
18 175
18 177
18 178
18 181
18 184
18 187
18 188
18 189
18 190
18 192
18 193
18 196
18 197
18 209
18 221
18 234
18 236
18 237
18 238
18 240
18 246
18 247
18 250
18 254
18 263
18 277
18 281
18 282
18 283
18 285
18 287
18 288
18 292
18 293
18 295
18 296
18 301
18 310
18 311
18 312
18 313
18 314
18 315
18 316
18 317
18 318
18 319
18 320
18 321
18 322
18 323
18 324
18 325
18 326
18 327
18 328
18 329
18 330
18 331
18 332
18 333
18 334
18 335
18 336
18 337
18 338
18 340
18 341
18 342
18 343
18 344
18 345
18 346
18 347
18 348
18 349
18 351
18 352
20 311
20 372
21 22
23 31
23 32
23 65
23 163
24 35
24 38
24 39
25 27
25 29
25 30
25 216
25 236
25 253
26 27
26 34
26 36
26 189
27 29
27 30
27 68
27 184
27 189
27 371
28 29
28 30
28 189
28 281
28 309
28 344
29 30
30 309
31 32
31 40
31 65
31 66
31 68
31 70
31 72
31 102
31 103
31 117
31 175
31 220
31 229
31 248
31 250
31 284
31 291
31 365
31 431
32 37
32 207
32 392
33 37
33 67
33 68
33 156
33 187
33 373
35 38
36 121
36 122
36 247
37 49
37 51
37 59
37 67
37 102
37 103
37 106
37 121
37 143
37 154
37 155
37 156
37 157
37 164
37 168
37 170
37 181
37 187
37 189
37 190
37 191
37 193
37 207
37 209
37 214
37 240
37 247
37 250
37 255
37 256
37 280
37 281
37 288
37 292
37 295
37 296
37 297
37 298
37 312
37 336
37 345
37 346
37 347
37 348
37 349
37 352
37 355
37 373
37 376
37 384
37 392
37 422
37 447
37 448
37 449
39 185
39 186
40 66
40 117
41 42
41 44
41 45
41 73
42 43
42 44
42 45
43 44
43 45
43 77
43 80
44 45
44 73
44 75
44 76
44 77
44 78
44 79
44 80
44 156
44 310
44 353
45 73
46 47
46 49
46 50
46 61
47 48
47 49
47 50
48 49
48 50
48 74
49 50
49 61
49 74
49 75
49 102
49 103
49 112
49 168
49 189
49 294
49 296
49 301
49 349
49 350
49 370
49 376
50 61
50 74
50 75
50 380
51 52
51 53
51 58
51 189
51 281
51 344
52 53
52 54
52 55
52 56
52 57
53 55
53 58
53 68
53 189
53 208
53 291
53 344
54 55
54 344
55 68
55 344
56 57
56 68
56 195
56 196
56 268
56 416
57 68
57 318
57 323
58 59
58 60
59 60
59 194
59 195
59 281
59 296
59 344
60 344
61 441
61 442
62 63
62 65
62 66
62 67
62 68
62 92
62 93
62 99
62 100
62 160
62 168
62 186
62 187
62 215
62 217
62 218
62 223
62 224
62 225
62 226
62 227
62 228
62 229
62 230
62 231
62 232
62 233
62 234
62 235
63 64
63 65
63 66
63 67
63 68
64 65
64 68
64 268
65 67
65 68
65 90
65 92
65 96
65 99
65 102
65 105
65 106
65 115
65 116
65 117
65 121
65 122
65 128
65 140
65 159
65 160
65 163
65 165
65 166
65 187
65 202
65 207
65 213
65 214
65 219
65 223
65 230
65 231
65 232
65 233
65 248
65 250
65 266
65 267
65 276
65 298
65 307
65 309
65 318
65 321
65 322
65 338
65 356
65 357
65 358
65 359
65 360
65 361
65 362
66 67
66 72
66 92
66 100
66 117
66 228
66 360
66 367
67 68
67 69
67 70
67 92
67 93
67 99
67 100
67 117
67 156
67 160
67 168
67 169
67 172
67 173
67 174
67 175
67 178
67 186
67 187
67 189
67 193
67 223
67 224
67 225
67 226
67 227
67 228
67 229
67 231
67 234
67 235
67 275
67 281
67 285
67 293
67 295
67 296
67 297
67 300
67 301
67 314
67 322
67 346
67 348
67 384
67 392
67 393
67 437
67 438
68 70
68 116
68 117
68 156
68 168
68 171
68 175
68 187
68 189
68 196
68 220
68 221
68 222
68 266
68 267
68 271
68 275
68 284
68 286
68 288
68 289
68 294
68 296
68 297
68 322
68 323
68 328
68 346
68 349
68 371
68 391
68 409
68 416
68 418
68 419
68 420
68 431
68 432
68 437
68 438
68 439
69 70
69 71
69 72
70 116
70 117
70 220
70 349
70 365
70 431
70 432
71 72
71 107
71 108
71 385
71 429
72 117
72 175
72 177
72 207
72 222
72 284
72 295
72 367
72 385
72 395
72 408
72 423
72 436
74 75
75 76
75 77
76 77
76 78
77 78
77 79
77 80
78 79
79 80
81 82
81 102
81 103
81 257
82 83
83 121
83 122
83 259
84 85
84 102
84 103
84 258
85 86
86 121
86 122
86 260
87 88
87 102
87 103
87 260
88 89
89 121
89 122
89 257
90 91
90 117
91 92
92 101
92 102
92 103
92 117
92 200
92 228
92 233
92 358
93 94
93 100
94 95
95 115
96 97
96 99
97 98
98 101
99 219
99 226
100 117
100 360
101 102
101 103
102 103
102 112
102 114
102 123
102 126
102 127
102 128
102 130
102 131
102 134
102 137
102 140
102 181
102 189
102 200
102 201
102 202
102 203
102 230
102 234
102 248
102 250
102 257
102 258
102 259
102 260
102 261
102 262
102 301
102 337
102 338
102 349
102 357
102 358
102 363
102 364
102 365
102 366
102 367
102 368
102 369
102 370
103 114
103 123
103 130
103 131
103 134
103 137
103 140
103 189
103 200
103 203
103 234
103 257
103 258
103 259
103 260
103 261
103 262
103 301
103 349
103 357
103 363
103 365
103 366
103 367
104 105
104 113
105 106
106 447
106 448
106 450
106 451
107 108
107 117
107 374
107 375
108 109
109 452
110 111
110 140
110 321
111 112
112 203
112 230
112 301
112 370
113 114
114 130
115 116
115 117
116 117
116 220
116 221
116 222
117 187
117 225
117 228
117 233
117 234
117 236
117 255
117 275
117 297
117 321
117 357
117 360
117 367
117 374
117 375
117 391
117 431
117 432
117 435
118 119
118 224
119 120
119 121
119 122
120 121
120 122
121 122
121 125
121 129
121 133
121 136
121 139
121 171
121 201
121 247
121 249
121 250
121 257
121 258
121 259
121 260
121 261
121 262
121 312
121 338
121 359
121 368
121 369
121 370
122 125
122 129
122 133
122 136
122 139
122 171
122 201
122 247
122 249
122 250
122 257
122 258
122 259
122 260
122 261
122 262
122 338
122 359
122 368
122 369
122 370
123 124
123 140
124 125
125 201
126 127
126 129
127 128
128 140
129 368
130 388
131 132
131 259
132 133
133 262
134 135
134 262
135 136
136 261
137 138
137 261
138 139
139 250
140 321
141 142
141 143
142 168
142 322
143 281
143 298
144 145
144 146
145 146
145 147
146 147
148 149
148 150
148 151
148 152
149 150
149 151
149 152
150 151
150 188
151 152
151 188
153 154
154 155
154 156
155 156
155 157
155 245
155 246
155 247
156 157
156 187
156 247
156 310
156 353
156 355
158 159
158 161
158 162
158 279
159 160
159 161
159 162
160 322
160 347
160 390
160 433
161 162
161 279
162 279
163 164
164 281
164 297
165 166
165 169
166 167
166 168
167 168
167 170
167 171
168 171
168 187
168 189
168 234
168 277
168 294
168 301
168 322
168 345
168 346
168 347
168 350
169 174
169 187
170 171
170 173
170 175
170 176
170 280
170 281
171 189
171 273
171 274
171 345
171 350
171 363
171 370
171 390
172 173
172 178
173 174
173 175
173 176
173 177
174 175
174 177
174 187
175 176
175 177
175 284
175 285
175 286
175 289
175 290
175 291
175 292
175 293
176 294
177 295
179 180
180 181
181 189
181 250
182 183
183 184
184 189
184 308
184 311
184 339
185 236
186 229
187 189
187 275
187 281
187 295
187 296
187 297
187 322
187 346
187 348
188 247
188 425
189 190
189 192
189 237
189 250
189 281
189 282
189 283
189 294
189 296
189 301
189 339
189 345
189 346
189 347
189 348
189 349
189 350
189 351
190 191
190 192
190 193
191 193
192 421
192 446
193 285
194 195
195 196
195 197
195 198
196 288
196 419
197 198
197 287
197 316
198 265
199 200
199 219
201 202
201 203
202 203
202 233
202 360
203 230
203 357
203 358
203 368
204 205
204 207
204 208
204 209
204 210
205 206
205 207
205 208
205 209
206 208
206 209
207 210
207 211
207 212
207 213
207 231
207 272
207 276
207 313
207 342
207 367
207 385
207 386
207 392
207 395
207 410
207 423
207 426
207 427
207 434
208 209
208 210
208 211
208 212
208 291
209 210
209 211
209 212
209 292
210 211
211 212
212 213
213 214
214 255
214 256
215 216
215 217
215 218
217 218
220 291
221 278
221 340
222 340
222 408
223 235
224 225
225 367
227 231
230 233
231 276
231 362
232 367
232 370
232 405
233 357
233 358
233 360
234 321
234 363
234 366
235 370
236 253
236 263
236 264
238 239
238 240
238 241
238 242
238 243
239 241
239 242
239 243
240 352
241 242
241 243
241 310
241 327
241 335
241 354
241 431
242 243
242 431
243 335
243 431
244 245
245 246
245 247
246 247
246 310
246 323
247 355
247 412
247 425
248 249
248 250
249 369
250 364
250 369
251 252
251 254
252 253
254 263
255 256
255 275
258 359
263 264
264 275
265 266
266 267
269 270
269 271
271 439
272 273
272 276
273 274
275 297
275 362
277 278
280 281
281 295
281 296
281 297
281 298
282 283
284 285
284 286
284 287
284 288
284 289
285 287
285 288
286 289
287 288
287 333
288 328
288 335
288 336
290 291
290 292
291 292
294 296
294 301
294 348
294 350
296 348
296 383
298 318
299 300
299 302
299 305
300 301
300 302
301 349
301 350
301 370
301 383
301 384
303 304
305 306
307 308
307 309
310 327
310 353
310 354
311 372
312 343
313 321
313 385
313 386
313 387
315 316
315 317
318 353
318 441
318 442
319 320
320 349
320 371
322 347
324 325
324 326
327 328
327 329
327 354
330 331
330 332
333 334
335 336
335 354
335 424
335 428
337 338
338 359
341 342
342 385
342 434
345 347
345 390
348 397
348 411
349 365
349 371
349 408
349 409
349 431
352 414
352 415
353 441
353 442
356 361
358 368
359 388
363 367
364 369
365 431
366 405
367 370
367 385
367 426
374 375
374 435
375 435
377 378
378 379
379 417
380 381
381 382
384 422
385 386
385 395
385 423
385 426
385 429
385 434
389 394
389 404
390 433
391 432
392 393
394 404
395 423
396 445
397 411
398 401
398 402
399 400
399 402
400 402
401 402
403 413
403 414
406 407
408 436
408 440
410 427
412 425
413 414
414 415
418 420
421 422
421 446
424 428
426 430
431 432
437 438
441 442
443 444
444 453
447 448
450 451
